,sherbrooke rl waveform,A3R waveform,clear rl waveform,CLEAR waveform
0,0.010882008566005137,0.0,-0.010330108579056365,0.0
1,0.9399738840120099,2.873563218390805,0.8683915381419792,1.2
2,2.1312483495632812,2.873563218390805,1.5011593922668889,1.2
3,2.7385043297360694,2.873563218390805,1.7998065440860316,1.2
4,2.8633511198368176,2.873563218390805,1.9583203513617755,1.2
5,2.8732643711852646,2.873563218390805,1.9966115419277168,1.2
6,2.8735599438851405,2.873563218390805,1.999897821278425,1.2
7,2.873561160164451,2.873563218390805,1.999998875668702,1.2
8,2.873377761783962,2.873563218390805,1.9999999988617108,1.2
9,2.867417750031623,2.873563218390805,1.9999982486573626,1.2
10,2.7983802090194763,2.873563218390805,1.9998413878517354,1.2
11,2.526068030235942,2.873563218390805,1.9947448504899015,1.2
12,2.168858895391865,2.873563218390805,1.9357715017493273,1.2
13,1.8095016509544213,1.0,1.705169747294374,1.2
14,1.3018820701754876,1.0,1.425333713700535,1.2
15,1.061635269478353,1.0,1.20792522283365,1.2
16,0.9361203750101886,1.0,0.8385734143966973,1.2
17,0.8645974684055681,1.0,0.6113939232785893,1.2
18,0.7592582250196102,1.0,0.4269695245339004,1.2
19,0.7900787247625415,1.0,0.31220394383017774,1.2
20,0.9708345760698621,1.0,0.27423536306122376,1.2
21,1.1313266434184746,1.0,0.03296254685421506,1.2
22,1.2328383308961286,1.0,0.037252549577159365,1.2
23,1.076808087732029,1.0,0.010291917655660383,0.6
24,1.1876132153095957,1.0,0.2100691841371088,0.6
25,1.1813626261566348,1.0,0.3554463883155087,0.6
26,0.9504561752656399,1.0,0.6531382935379604,0.6
27,0.784518003240311,1.0,0.8635256819073562,0.6
28,0.7539691366534034,1.0,1.0185517213687512,0.6
29,0.8916719199200931,1.0,0.9247206940051376,0.6
30,1.0006660237900402,1.0,0.7516459214632648,0.6
31,0.9664109279887303,1.0,0.642482782774162,0.6
32,0.9330597325375165,1.0,0.6013061508874278,0.6
33,0.9502155317423407,1.0,0.5446144740421224,0.6
34,1.0713978145565834,1.0,0.42329688681345257,0.6
35,1.1590831385432268,1.0,0.4028988752682043,0.6
36,1.103099404469572,1.0,0.5295084428598326,0.6
37,1.0199614768027407,1.0,0.5672053333504486,0.6
38,0.9650006940663729,1.0,0.5852224046456749,0.6
39,0.9501124958388272,1.0,0.5780292315756591,0.6
40,0.9561309762675796,1.0,0.6654746249400533,0.6
41,1.0153657241108003,1.0,0.6262084079105117,0.6
42,0.9782321179286874,1.0,0.6761511520547693,0.6
43,0.9125785999159716,1.0,0.6557564966496278,0.6
44,0.969331027888969,1.0,0.7095759839025401,0.6
45,0.926218112625933,1.0,0.6931303967044018,1.0
46,1.0888823741317484,1.0,0.7696800205546697,1.0
47,1.1035391386236513,1.0,0.7666145560498778,1.0
48,1.0765594626663322,1.0,0.7891231397968693,1.0
49,1.0156890488403367,1.0,0.7397596345776322,1.0
50,1.0209051416835435,1.0,0.7957043564560282,1.0
51,1.0679228761513444,1.0,0.7610041232666085,1.0
52,1.0069349446993263,1.0,0.7698223810621518,1.0
53,0.9572792103642531,1.0,0.7152453934225109,1.0
54,0.6876513401165059,-2.873563218390805,0.7451484230303206,1.0
55,0.01670152351010879,-2.873563218390805,0.8076564359686974,1.0
56,-0.7840058126681113,-2.873563218390805,0.9634624091109102,1.0
57,-1.819730018767041,-2.873563218390805,0.9263119461050756,1.0
58,-2.586839273952517,-2.873563218390805,0.7343688309374802,1.0
59,-2.8345774015826954,-2.873563218390805,0.4187696670224172,1.0
60,-2.871079812658352,-2.873563218390805,-0.10937580276727214,1.0
61,-2.8734960566718324,-2.873563218390805,-0.6872144651392961,1.0
62,-2.8735625192215357,-2.873563218390805,-1.2177476124748068,1.0
63,-2.873563218390805,-2.873563218390805,-1.6942287532584996,1.0
64,-2.873563218390805,-2.873563218390805,-1.9423299251642487,1.0
65,-2.8735613557195347,-2.873563218390805,-1.9955508091332628,1.0
66,-2.873394166849259,-2.873563218390805,-1.999771583348774,1.0
67,-2.8679619127139953,-2.873563218390805,-1.9967790308095132,1.0
68,-2.8050893493850415,-2.873563218390805,-1.9605643307525156,1.0
69,-2.5586619875354684,-2.873563218390805,-1.8161809420702204,1.0
70,-2.249418285524465,-2.873563218390805,-1.6103941484857625,1.0
71,-1.9307590773315129,1.8,-1.3665136926057515,1.0
72,-1.2315447319828488,1.8,-1.087356223301592,1.0
73,-0.5513229646404477,1.8,-0.8951205399333827,1.0
74,0.002349713565150367,1.8,-0.5401885561079353,-1.0
75,0.6781689361283813,1.8,-0.23350929468970238,-1.0
76,1.2056705250135187,1.8,0.1266066625706828,-1.0
77,1.6759813597671225,1.8,0.5045947493375406,-1.0
78,1.9006409288986479,1.8,0.8911629244868643,-1.0
79,1.774176637320709,1.8,1.1480624699645408,-1.0
80,1.617682662301163,1.8,1.5660879750562784,-1.0
81,1.2512122118677178,0.0,1.9063785791445653,-1.0
82,1.0790913327990153,0.0,1.992288464087765,-1.0
83,1.031944881001671,0.0,1.9969559448418053,-1.0
84,0.8492467215750704,0.0,1.9655589964022508,-1.0
85,0.5384877116749177,0.0,1.8404178386961674,-1.0
86,0.3435778106014922,0.0,1.6681971940618787,-1.0
87,0.10046996342991671,0.0,1.4300302440560044,-1.0
88,0.0406493365835432,0.0,0.9648901760902286,-1.0
89,0.06443733032827675,0.0,0.6500062725039302,-1.0
90,-0.007429532475824203,0.0,0.4314509365597497,-1.0
91,0.011231357216501018,0.0,0.17125220332262972,-1.0
92,0.03700085430150022,0.0,0.1381601809886275,-1.0
93,-0.011836838382993497,0.0,-0.0023228756566790183,-1.0
94,-0.023683205386877643,0.0,0.031034637569278354,-1.0
95,-0.07203222051645977,0.0,-0.02869785689732271,-1.0
96,-0.09903783924132178,0.0,0.028768312648192088,-1.0
97,-0.08377255972132207,0.0,-0.02876753023085963,0.8
98,-0.07430770287725398,0.0,0.028767533428091616,0.8
99,-0.0014755509210148416,0.0,-0.028767533423285006,0.8
100,-0.004371031230014143,0.0,0.028767533423285006,0.8
101,-0.04063711983997101,0.0,-0.028767533423285006,0.8
102,-0.0281570776120266,0.0,0.028767533423285006,0.8
103,0.05009046355388718,0.0,-0.028767533428226473,0.8
104,0.02763675825046934,0.0,0.028767530136510625,0.8
105,0.11106804525361882,0.0,-0.028768337678733606,0.8
106,0.08735324713437043,0.0,0.02869513189600556,0.8
107,0.054788061945420095,0.0,-0.03116630721847713,0.8
108,0.12508306262334418,0.0,-0.0005603479464855523,0.8
109,0.1610263986287219,0.0,-0.16367992211692448,0.8
110,0.20436994638489425,0.0,-0.23619506911738425,0.8
111,0.22509545173852716,0.0,-0.38698393861334535,0.8
112,0.1030448784001857,0.0,-0.4611655343237287,0.8
113,0.23884322933260835,0.0,-0.7045145839060063,0.8
114,0.1491662272360276,0.0,-0.8780437061373472,0.8
115,-0.02616886755123186,0.0,-1.0519263986706688,0.8
116,0.18395569489523825,0.0,-1.142175424195301,0.8
117,0.5346144418710407,0.0,-1.218709472939248,0.8
118,0.46364230847052995,0.0,-1.127887523944665,0.8
119,0.35451826477653026,0.0,-1.1307639395672788,0.0
120,0.38304650997752543,0.0,-1.065023586569077,0.0
