,kappas,chis,pFs from 0th action of batch,pFs from mean action
0,13.5945,1.850398072964388,0.419265,0.419265
1,14.31,1.850398072964388,0.44005500000000003,0.44005500000000003
2,15.025500000000001,1.850398072964388,0.426195,0.426195
3,13.5945,1.9477874452256718,0.4695075,0.4695075
4,14.31,1.9477874452256718,0.405405,0.405405
5,15.025500000000001,1.9477874452256718,0.4494333565231218,0.4494333565231218
6,13.5945,2.0451768174869556,0.3932775,0.3932775
7,14.31,2.0451768174869556,0.398475,0.398475
8,15.025500000000001,2.0451768174869556,0.44567671634194944,0.44567671634194944
