,kappas,chis,pFs from 0th action of batch,times from 0th action of batch,pFs from mean action,times from mean action,times from mean action to 0.1 photons
0,13.5945,1.850398072964388,2.2341525706362613,0.43023542989747465,2.230979797047077,0.4279275,0.41233499999999995
1,14.31,1.850398072964388,2.2263702843043496,0.4366533928196772,2.225501415906155,0.42486435092014024,0.4071375
2,15.025500000000001,1.850398072964388,2.212509584774334,0.43682565423452896,2.210476353286405,0.4383580681741995,0.4005827751546842
3,13.5945,1.9477874452256718,2.234868002022906,0.433125,2.239313545522373,0.4357326945842238,0.42966
4,14.31,1.9477874452256718,2.2127147008589807,0.4071375,2.212452873219339,0.406209421838391,0.39501000000000003
5,15.025500000000001,1.9477874452256718,2.2039155318971373,0.44352,2.207187958450362,0.44954520671976306,0.4060843952045366
6,13.5945,2.0451768174869556,2.2184686492236985,0.3932775,2.210137089399704,0.39501000000000003,0.397851614058524
7,14.31,2.0451768174869556,2.223737326022131,0.40887,2.2178259154554705,0.4071375,0.40194
8,15.025500000000001,2.0451768174869556,2.200370145351423,0.41816678761610454,2.202356248058381,0.41798740642894827,0.40009993750705264
